Collection_Date	Experiment_Date	Year	Condition	Experiment_type	Site	Chla	Chla_CI	DIC	DIC_CI	H2CO3	H2CO3_CI	HCO3	HCO3_CI	CO3	CO3_CI	DOC	Resp	Resp_CI	PrimProd	PrimProd_CI	CDOM	CDOM_CI	Day_Integrated_UVA	Day_Integrated_UVB	Day_Integrated_UV	pH	TP	TP_CI	TDP	TDP_CI	Nitrate	Nitrate_CI	NH4	NH4_CI	SRP	SRP_CI	Incubation_Temp	Incubation_Temp_SD	peakA	peakA_CI	peakC	peakC_CI	peakT	peakT_CI	C_A_ratio	C_A_ratio_CI	T_A_ratio	T_A_ratio_CI	IntFlour	IntFlour_CI	FI	FI_CI	SlopeRatio	SlopeRatio_CI
9-Jul-18	10-Jul-18	2018	WD	Light_Dark	WE2	5	1.96	1955	4.998	13.54	0.0392	1913	5.88	28.3	0.0784	327	31	5.88	12	0.9212	10.74	0.1372	1064956.07	50250.95	1115207.02	8.5	49.35	0	18.764	0	2.13	0	52.14	0	23.96	0	28.7	0.7	1.07	0.01	0.336	0.001	0.19	0.02	0.314	0.004	0.18	0.02	5660	32	1.58	0.01	0.89	0.04
9-Jul-18	10-Jul-18	2018	WL	Light_Dark	WE2	5	1.96	1955	4.998	13.54	0.0392	1913	5.88	28.3	0.0784	327	31	5.88	12	0.9212	10.74	0.1372	1064956.07	50250.95	1115207.02	8.5	49.35	0	18.764	0	2.13	0	52.14	0	23.96	0	28.7	0.7	1.07	0.01	0.336	0.001	0.19	0.02	0.314	0.004	0.18	0.02	5660	32	1.58	0.01	0.89	0.04
23-Jul-18	24-Jul-18	2018	WD	Light_Dark	WE2	10.1	0.588	1856	2.4696	12.858	0.01764	1816	1.96	26.86	0.0392	272	14.4	0.98	7.1	0.3136	4.95	0.0392	626926.9	27579.63	654506.53	8.5	24.41	0	4.91	0	0.6765	0	7.6	0	3.7	0	23.9	0.2	0.5	0.02	0.1472	0.0004	0.144	0.006	0.29	0.01	0.29	0.02	2830	23	1.562	0.014	1.08	0.03
23-Jul-18	24-Jul-18	2018	WL	Light_Dark	WE2	10.1	0.588	1856	2.4696	12.858	0.01764	1816	1.96	26.86	0.0392	272	14.4	0.98	7.1	0.3136	4.95	0.0392	626926.9	27579.63	654506.53	8.5	24.41	0	4.91	0	0.6765	0	7.6	0	3.7	0	23.9	0.2	0.5	0.02	0.1472	0.0004	0.144	0.006	0.29	0.01	0.29	0.02	2830	23	1.562	0.014	1.08	0.03
30-Jul-18	31-Jul-18	2018	WD	Light_Dark	WE2	22.4	1.764	1603	4.2336	5.506	0.01372	1552	3.92	45.79	0.1176	278	19.3	0.98	14	0.2744	4.94	0.0196	508551.17	21577.12	530128.29	8.8	26.16	0	4.4465	0	0.7	0	2.98	0	2.1	0	22.4	0.4	0.504	0.004	0.153	0.001	0.12	0.005	0.303	0.003	0.24	0.01	2710	20	1.59	0.02	1.09	0.01
30-Jul-18	31-Jul-18	2018	WL	Light_Dark	WE2	22.4	1.764	1603	4.2336	5.506	0.01372	1552	3.92	45.79	0.1176	278	19.3	0.98	14	0.2744	4.94	0.0196	508551.17	21577.12	530128.29	8.8	26.16	0	4.4465	0	0.7	0	2.98	0	2.1	0	22.4	0.4	0.504	0.004	0.153	0.001	0.12	0.005	0.303	0.003	0.24	0.01	2710	20	1.59	0.02	1.09	0.01
2-Aug-18	3-Aug-18	2018	FL	Size_Frac	TWI	11.5	0.588	1742	13.7592	4.09	0.0392	1667	13.72	71.1	0.588	330	16.9	0.588	8.04	0.1764	6.098	0.01	1041884.77	46605.63	1088490.4	8.96	26.2	1.04	5.2	0.22	0.61	0.03	5.82	0.19	2.5	0.43	29	2.7	0.609	0.002	0.184	0.001	0.146	0.006	0.301	0.002	0.24	0.01	3320	25	1.57	0.02	1.09	0.01
2-Aug-18	3-Aug-18	2018	WL	Size_Frac	TWI	20.3	1.764	1742	13.7592	4.09	0.0392	1667	13.72	71.1	0.588	330	20.1	0.98	14	1.96	6.098	0.01	1041884.77	46605.63	1088490.4	8.96	26.2	1.04	5.2	0.22	0.61	0.03	5.82	0.19	2.5	0.43	29	2.7	0.609	0.002	0.184	0.001	0.146	0.006	0.301	0.002	0.24	0.01	3320	25	1.57	0.02	1.09	0.01
6-Aug-18	7-Aug-18	2018	WD	Light_Dark	WE2	21.5	0.98	1706	2.8812	4.623	0.00784	1640	1.96	60.95	0.098	309	21.5	1.568	9.9	0.6272	5.95	0.0196	820295.76	38596.04	858891.8	8.9	23.3	0	4.228	0	0.55	0	4.93	0	1.526	0	25	0.8	0.598	0.006	0.18	0.002	0.142	0.005	0.3	0.004	0.24	0.01	3260	59	1.59	0.01	1.08	0.02
6-Aug-18	7-Aug-18	2018	WL	Light_Dark	WE2	21.5	0.98	1706	2.8812	4.623	0.00784	1640	1.96	60.95	0.098	309	21.5	1.568	9.9	0.6272	5.95	0.0196	820295.76	38596.04	858891.8	8.9	23.3	0	4.228	0	0.55	0	4.93	0	1.526	0	25	0.8	0.598	0.006	0.18	0.002	0.142	0.005	0.3	0.004	0.24	0.01	3260	59	1.59	0.01	1.08	0.02
9-Aug-18	10-Aug-18	2018	FL	Size_Frac	TWI	6.6	0.588	1673.4	0.7644	4.222	0.00196	1605.3	0.784	63.91	0.0196	302	12.48	0.1568	2.8	0.392	4.5	0.04	792824.65	36163.5	828988.15	8.93	22.6	1.02	5.2	0.22	0.355	0	16.8	0.53	2.3	0.51	23	0.8	0.436	0.009	0.128	0.001	0.11	0.002	0.294	0.007	0.25	0.01	2403	9	1.575	0.008	1.13	0.01
9-Aug-18	10-Aug-18	2018	WL	Size_Frac	TWI	11.9	0.98	1673.4	0.7644	4.222	0.00196	1605.3	0.784	63.91	0.0196	302	14.1	0.588	4.6	0.6272	4.5	0.04	792824.65	36163.5	828988.15	8.93	22.6	1.02	5.2	0.22	0.355	0	16.8	0.53	2.3	0.51	23	0.8	0.436	0.009	0.128	0.001	0.11	0.002	0.294	0.007	0.25	0.01	2403	9	1.575	0.008	1.13	0.01
13-Aug-18	14-Aug-18	2018	WD	Light_Dark	WE2	17.2	0.784	1546	2.9008	3.809	0.00784	1482	1.96	60.37	0.1176	283	27	2.352	12.6	0.588	4.88	0.0588	992619.68	46269.29	1038888.97	8.94	27.48	0	6.51	0	0.37	0	3.77	0	2.1	0	25.5	0.9	0.47	0.02	0.142	0.002	0.129	0.008	0.3	0.01	0.27	0.02	2590	43	1.63	0.02	1.14	0.02
13-Aug-18	14-Aug-18	2018	WL	Light_Dark	WE2	17.2	0.784	1546	2.9008	3.809	0.00784	1482	1.96	60.37	0.1176	283	27	2.352	12.6	0.588	4.88	0.0588	992619.68	46269.29	1038888.97	8.94	27.48	0	6.51	0	0.37	0	3.77	0	2.1	0	25.5	0.9	0.47	0.02	0.142	0.002	0.129	0.008	0.3	0.01	0.27	0.02	2590	43	1.63	0.02	1.14	0.02
20-Aug-18	21-Aug-18	2018	FL	Size_Frac	WE12	7.7	0.784	1522	9.212	4.03	0.0196	1462	9.8	55.6	0.392	258	14	0.196	4.7	0.196	2.91	0.02	796452.57	36030.08	832482.65	8.91	23.77	0	6.148	0	0.142	0	3.46	0	3	0	26.5	0.8	0.273	0.006	0.082	0.001	0.084	0.004	0.3	0.01	0.31	0.02	1560	35	1.6	0.03	1.2	0.01
20-Aug-18	21-Aug-18	2018	WL	Size_Frac	WE12	13	1.96	1522	9.212	4.03	0.0196	1462	9.8	55.6	0.392	258	15.9	0.784	9.5	0.9996	2.91	0.02	796452.57	36030.08	832482.65	8.91	23.77	0	6.148	0	0.142	0	3.46	0	3	0	26.5	0.8	0.273	0.006	0.082	0.001	0.084	0.004	0.3	0.01	0.31	0.02	1560	35	1.6	0.03	1.2	0.01
13-Sep-18	14-Sep-18	2018	FL	Size_Frac	TWI	4.8	0.784	1645	3.9004	28.58	0.07	1607	3.81	9.46	0.02	345	14	1.96	4.6	0.1372	6.18	0.08	882165.02	41028.97	923193.99	8.1	74	1.96	34.8	1.57	0.088	0	71	3.92	26.2	0.78	23	2	0.632	0.009	0.207	0.003	0.16	0.01	0.33	0.01	0.25	0.02	3620	74	1.598	0.009	1.08	0.02
13-Sep-18	14-Sep-18	2018	WL	Size_Frac	TWI	8.2	1.176	1645	3.9004	28.58	0.07	1607	3.81	9.46	0.02	345	15.8	1.372	5.4	0.1372	6.18	0.08	882165.02	41028.97	923193.99	8.1	74	1.96	34.8	1.57	0.088	0	71	3.92	26.2	0.78	23	2	0.632	0.009	0.207	0.003	0.16	0.01	0.33	0.01	0.25	0.02	3620	74	1.598	0.009	1.08	0.02
17-Sep-18	18-Sep-18	2018	WD	Light_Dark	WE2	13	1.372	1623	2.0776	11.778	0.01568	1589	1.96	22.44	0.0196	278	22	2.744	14.5	0.5292	4.9	0.0196	819789.29	36813.41	856602.7	8.48	48.57	0	17.646	0	0.208	0	3.84	0	9.6	0	24	2.2	0.49	0.01	0.157	0.002	0.13	0.007	0.32	0.01	0.27	0.02	2850	62	1.6	0.02	1.13	0.02
17-Sep-18	18-Sep-18	2018	WL	Light_Dark	WE2	13	1.372	1623	2.0776	11.778	0.01568	1589	1.96	22.44	0.0196	278	22	2.744	14.5	0.5292	4.9	0.0196	819789.29	36813.41	856602.7	8.48	48.57	0	17.646	0	0.208	0	3.84	0	9.6	0	24	2.2	0.49	0.01	0.157	0.002	0.13	0.007	0.32	0.01	0.27	0.02	2850	62	1.6	0.02	1.13	0.02
22-Jul-19	23-Jul-19	2019	WD	Light_Dark	Bloom Chase	129	17.64	1914	8.6632	4.72	0.02	1835	8	74.7	0.3	496	58	1.96	85	5.88	15.18	0.1568	759835.67	42228.7	802064.38	8.94	70.7815	16.98	13.862	1.34	0.756	0.05	1.7165	0.07	6.123	0.37	29	2.5	1.85	0.02	0.581	0.006	0.383	0.006	0.314	0.004	0.207	0.004	10100	147	1.616	0.01	0.97	0.05
22-Jul-19	23-Jul-19	2019	WL	Light_Dark	Bloom Chase	129	17.64	1914	8.6632	4.72	0.02	1835	8	74.7	0.3	496	58	1.96	85	5.88	15.18	0.1568	759835.67	42228.7	802064.38	8.94	70.7815	16.98	13.862	1.34	0.756	0.05	1.7165	0.07	6.123	0.37	29	2.5	1.85	0.02	0.581	0.006	0.383	0.006	0.314	0.004	0.207	0.004	10100	147	1.616	0.01	0.97	0.05
1-Aug-19	2-Aug-19	2019	WD	Light_Dark	Bloom Chase	36	5.88	1591	7.2324	3.649	0.02	1521	7	66.4	0.3	452	46.2	1.372	47	5.88	12.8	0.196	702773.7	41344.4	744118.09	8.97	61.5475	3.61	10.66	0.78	0.5375	0	7.55	0.01	3.193	0.26	26	0.9	1.54	0.02	0.492	0.003	0.34	0.03	0.319	0.005	0.22	0.02	8300	187	1.62	0.01	0.98	0.03
1-Aug-19	2-Aug-19	2019	WL	Light_Dark	Bloom Chase	36	5.88	1591	7.2324	3.649	0.02	1521	7	66.4	0.3	452	46.2	1.372	47	5.88	12.8	0.196	702773.7	41344.4	744118.09	8.97	61.5475	3.61	10.66	0.78	0.5375	0	7.55	0.01	3.193	0.26	26	0.9	1.54	0.02	0.492	0.003	0.34	0.03	0.319	0.005	0.22	0.02	8300	187	1.62	0.01	0.98	0.03
5-Aug-19	6-Aug-19	2019	FL	Size_Frac	Bloom Chase	51	13.72	1457	3.0772	2.163	0.005	1365	3	90.16	0.2	573	138.6	1.176	12.5	1.21	24.8	0.98	368434.86	21891.04	390325.9	9.15	128.6055	4.4	13.8165	0.94	1.003	0.01	7.575	0.03	4.954	0.27	25.7	0.6	3.48	0.05	1.101	0.008	0.52	0.01	0.316	0.005	0.151	0.004	16300	261	1.808	0.004	1.01	0.05
5-Aug-19	6-Aug-19	2019	WL	Size_Frac	Bloom Chase	140	27.44	1457	3.0772	2.163	0.005	1365	3	90.16	0.2	573	162	15.68	25	3.92	24.8	0.98	368434.86	21891.04	390325.9	9.15	128.6055	4.4	13.8165	0.94	1.003	0.01	7.575	0.03	4.954	0.27	25.7	0.6	3.48	0.05	1.101	0.008	0.52	0.01	0.316	0.005	0.151	0.004	16300	261	1.808	0.004	1.01	0.05
23-Aug-19	24-Aug-19	2019	FL	Size_Frac	Bloom Chase	43	3.92	1480	6.0956	1.273	0.005	1333	5	146.12	0.6	505	30.8	0.98	26.1	1.053973417	15.2	0.784	593228.82	34800.14	628028.96	9.37	NA	NA	NA	NA	0.2145	0	7.7265	0.02	3.9525	3.63	23.9	0.5	1.74	0.03	0.552	0.001	0.44	0.01	0.317	0.005	0.251	0.008	9600	100	1.617	0.009	1	0.1
23-Aug-19	24-Aug-19	2019	WL	Size_Frac	Bloom Chase	91	15.68	1480	6.0956	1.273	0.005	1333	5	146.12	0.6	505	43	3.92	76	7.84	15.2	0.784	593228.82	34800.14	628028.96	9.37	NA	NA	NA	NA	0.2145	0	7.7265	0.02	3.9525	3.63	23.9	0.5	1.74	0.03	0.552	0.001	0.44	0.01	0.317	0.005	0.251	0.008	9600	100	1.617	0.009	1	0.1
16-Sep-19	17-Sep-19	2019	WD	Light_Dark	Bloom Chase	7	13.72	1787	4.7432	14.56	0.04	1750	5	22.04	0.06	481	11.3	1.568	8	1.96	10.5	0.588	366416.69	21406.1	387822.8	8.43	72.231	4.82	38.8285	1.9	0.2505	0.11	20.4435	1.7	26.526	2.24	23.4	0.9	1.27	0.02	0.398	0.004	0.379	0.01	0.314	0.005	0.299	0.009	7230	94	1.58	0.01	0.9	0.1
16-Sep-19	17-Sep-19	2019	WL	Light_Dark	Bloom Chase	7	13.72	1787	4.7432	14.56	0.04	1750	5	22.04	0.06	481	11.3	1.568	8	1.96	10.5	0.588	366416.69	21406.1	387822.8	8.43	72.231	4.82	38.8285	1.9	0.2505	0.11	20.4435	1.7	26.526	2.24	23.4	0.9	1.27	0.02	0.398	0.004	0.379	0.01	0.314	0.005	0.299	0.009	7230	94	1.58	0.01	0.9	0.1
19-Sep-19	20-Sep-19	2019	FL	Size_Frac	Bloom Chase	3	0.392	1828	2.7048	39.85	0.06	1780	3	8.325	0.01	489	11	1.96	4.1	0.69	11.1	0.784	404298.9	22381.79	426680.69	8	92.516	1.03	41.0285	1.63	0.339	0.02	16.639	1.71	29.01	0.39	23	1	1.333	0.009	0.421	0.006	0.33	0.01	0.315	0.005	0.251	0.009	7360	56	1.594	0.01	0.9	0.09
19-Sep-19	20-Sep-19	2019	WL	Size_Frac	Bloom Chase	7.7	1.764	1828	2.7048	39.85	0.06	1780	3	8.325	0.01	489	12.5	0.98	13	1.96	11.1	0.784	404298.9	22381.79	426680.69	8	92.516	1.03	41.0285	1.63	0.339	0.02	16.639	1.71	29.01	0.39	23	1	1.333	0.009	0.421	0.006	0.33	0.01	0.315	0.005	0.251	0.009	7360	56	1.594	0.01	0.9	0.09
30-May-17	31-May-17	2017	WL	Survey	WE2	40	18	NA	NA	NA	NA	NA	NA	NA	NA	NA	NA	NA	NA	NA	20.1	NA	NA	NA	NA	8.05	141.91	0	80.44	0	4.04	0	40.24	0	65.46	0	19	NA	NA	NA	NA	NA	NA	NA	NA	NA	NA	NA	NA	NA	NA	NA	NA	NA
12-Jun-17	13-Jun-17	2017	WL	Survey	WE2	25	1.96	NA	NA	NA	NA	NA	NA	NA	NA	NA	NA	NA	NA	NA	14.2	1.176	NA	NA	NA	8.44	91.44	0	39.99	0	3.1	0	32.82	0	33.69	0	24	NA	1.34	0.01	0.444	0.006	0.2488	0.0003	0.33	0.006	0.185	0.002	7400	108	1.568	0.005	0.95	0.07
26-Jun-17	27-Jun-17	2017	WL	Survey	WE2	5.9	1.176	NA	NA	NA	NA	NA	NA	NA	NA	NA	NA	NA	NA	NA	4.54	0.1764	NA	NA	NA	8.28	19.5	0	3.8	0	0.65	0	29.68	0	1.66	0	22	NA	0.3179	0.0001	0.0933	0.002	0.12	0.02	0.294	0.005	0.39	0.06	1900	61	1.553	0.005	1.8	0.2
5-Jul-17	6-Jul-17	2017	WL	Survey	WE2	13	1.96	NA	NA	NA	NA	NA	NA	NA	NA	NA	NA	NA	NA	NA	14.86	0.1176	NA	NA	NA	7.61	127.76	0	50.163	0	4.28	0	66.03	0	37.38	0	25	NA	1.62	0.02	0.539	0.005	0.2852	0.0007	0.332	0.005	0.176	0.002	8860	13	1.574	0.009	0.94	0.02
11-Jul-17	12-Jul-17	2017	WL	Survey	WE2	6	0.98	NA	NA	NA	NA	NA	NA	NA	NA	NA	NA	NA	NA	NA	10.76	0.1176	NA	NA	NA	7.815	125.83	0	28.069	0	2.6	0	79.53	0	17.52	0	27.3	0.3	1.17	0.07	0.367	0.003	0.212	0.005	0.31	0.02	0.18	0.01	6270	49	1.576	0.002	0.98	0.01
17-Jul-17	18-Jul-17	2017	WL	Survey	WE2	25	9.8	NA	NA	NA	NA	NA	NA	NA	NA	NA	NA	NA	NA	NA	20.8	1.372	NA	NA	NA	7.652	182.05	0	78.1375	0	4.75	0	353.38	0	64.26	0	26	2.7	2.1	0.05	0.73	0.02	0.297	0.008	0.35	0.01	0.141	0.005	11800	522	1.566	0.009	0.86	0.04
24-Jul-17	25-Jul-17	2017	WL	Survey	WE2	48	5.88	NA	NA	NA	NA	NA	NA	NA	NA	NA	NA	NA	NA	NA	11.887	0.00784	NA	NA	NA	7.901	62.39	0	22.248	0	2.38	0	15.24	0	14.89	0	24	1.9	1.22	0.001	0.406	0.007	0.204	0.004	0.33	0.01	0.167	0.003	6610	92	1.565	0.008	0.917	0.007
31-Jul-17	1-Aug-17	2017	WL	Survey	WE2	20.1	1.176	NA	NA	NA	NA	NA	NA	NA	NA	NA	NA	NA	NA	NA	8.1	0.392	NA	NA	NA	8.53	40.96	0	5.0235	0	0.93	0	42.48	0	2.11	0	27.4	0.6	0.742	0.004	0.233	0.003	0.16	0.001	0.314	0.005	0.215	0.002	4140	42	1.58	0.01	1	0.2
14-Aug-17	15-Aug-17	2017	WL	Survey	WE2	27	3.92	NA	NA	NA	NA	NA	NA	NA	NA	NA	NA	NA	NA	NA	5.8	0.196	NA	NA	NA	8.62	34.79	0	5.9185	0	0.59	0	17.1	0	1.56	0	25.2	0.8	0.533	0.007	0.16	0.001	0.14	0.002	0.299	0.005	0.262	0.005	3100	161	1.61	0.02	0.92	0.09
21-Aug-17	22-Aug-17	2017	WL	Survey	WE2	85	7.84	NA	NA	NA	NA	NA	NA	NA	NA	NA	NA	NA	NA	NA	7.62	0.0784	NA	NA	NA	8.73	52.2	0	7.1885	0	0.43	0	6.18	0	1.44	0	27.3	0.6	0.8	0.02	0.255	0.003	0.21	0.01	0.317	0.008	0.258	0.019	4520	50	1.61	0.02	1.09	0.04
30-Aug-17	30-Aug-17	2017	WL	Survey	EC 973	53	7.84	NA	NA	NA	NA	NA	NA	NA	NA	NA	NA	NA	NA	NA	8.2	0.784	NA	NA	NA	8.93	50	29.6	7.9	1.18	0.293	0.01	8	1.96	0.45	0.1	22.3	NA	0.834	0.002	0.269	0.005	0.249	0.006	0.322	0.006	0.299	0.007	4800	121	1.598	0.005	1.2	0.1
31-Aug-17	31-Aug-17	2017	WL	Survey	EC 885	17.4	1.372	NA	NA	NA	NA	NA	NA	NA	NA	NA	NA	NA	NA	NA	3.62	0.098	NA	NA	NA	NA	29	4.7	5.6	0.59	0.014	0	23	1.96	0.7	0.69	22.7	NA	0.343	0.006	0.1046	0.0006	0.15	0.01	0.305	0.006	0.435	0.041	2080	42	1.573	0.001	1.28	0.09
5-Sep-17	6-Sep-17	2017	WL	Survey	WE2	49	9.8	NA	NA	NA	NA	NA	NA	NA	NA	NA	NA	NA	NA	NA	6.1	0.196	NA	NA	NA	8.42	52.91	0	13.055	0	0.25	0	22.63	0	12.52	0	21	1	0.72	0.02	0.231	0.002	0.21	0.03	0.32	0.01	0.29	0.05	4000	136	1.58	0.03	1.13	0.08
11-Sep-17	12-Sep-17	2017	WL	Survey	WE2	25	3.92	NA	NA	NA	NA	NA	NA	NA	NA	NA	NA	NA	NA	NA	2.31	0.098	NA	NA	NA	8.46	64.31	0	5.32	0	0.12	0	53.08	0	1.87	0	20.1	0.6	0.23	0.01	0.0764	0.001	0.11	0.002	0.33	0.02	0.47	0.02	1550	41	1.651	0.001	1.3	0.09
18-Sep-17	19-Sep-17	2017	WL	Survey	WE2	46	9.8	NA	NA	NA	NA	NA	NA	NA	NA	NA	NA	NA	NA	NA	4.8	0.784	NA	NA	NA	8.82	44.26	0	5.2835	0	0	0	22.55	0	0.95	0	21.7	0.2	0.495	0.001	0.154	0.002	0.183	0.006	0.311	0.004	0.37	0.01	2900	118	1.555	0.009	1.3	0.3
25-Sep-17	26-Sep-17	2017	WL	Survey	WE2	30	3.92	NA	NA	NA	NA	NA	NA	NA	NA	NA	NA	NA	NA	NA	4.93	0.1568	NA	NA	NA	8.88	53.3	0	5.29	0	0	0	25.26	0	0.8	0	26.3	0.6	0.45	0.01	0.1362	0.0008	0.175	0.009	0.301	0.007	0.39	0.02	2660	10	1.572	0.007	1.4	0.3
3-Oct-17	4-Oct-17	2017	WL	Survey	EC 973	68	3.92	NA	NA	NA	NA	NA	NA	NA	NA	NA	NA	NA	NA	NA	3.7	0.588	NA	NA	NA	8.45	36	6.27	4.5	0.29	0.017	0.01	6.5	0.98	0.9	0.2	22.72	NA	0.28	0.03	0.088	0.001	0.134	0.007	0.31	0.03	0.47	0.05	1780	19	1.61	0.02	0.9	0.2
5-Oct-17	5-Oct-17	2017	WL	Survey	EC 1461	15.2	1.176	NA	NA	NA	NA	NA	NA	NA	NA	NA	NA	NA	NA	NA	1.8	0.196	NA	NA	NA	NA	16.8	0.78	3.8	1.47	0.09	0	5.5	0.98	0.9	0.2	19.8	NA	0.12	0.01	0.039	0.001	0.08	0.01	0.33	0.04	0.7	0.1	870	64	1.55	0.1	1.1	0.3